10
Даниела;Илиева;Карастоянова;F;26.10.1936;153;България;София;Витоша;1017;Опълченска;154;;;P;ОМГ Пловдив;15.9.1942;15.6.1949
2017;3;802.33;2017;2;682.83;2017;1;1071.14;2016;10;1004.26;2016;8;1012.56;2016;6;851.48;2016;5;1533.64;2016;4;1542.36;2016;3;935.72;2016;2;1225.35;2016;1;1038.47;2015;12;1154.99;2015;10;773.06;2015;8;867.76;2015;7;1081.18;2015;5;910.93;2015;4;1251.76;2015;3;1476.22;2015;1;1436.91;2014;12;963.82;2014;11;1364.24;2014;10;1215.47;2014;9;830.75;2014;8;1478.10;2014;6;1191.42
Мария;Петкова;Стойчева;F;23.8.1988;166;България;София;Слатина;1007;Петър Васков;110;4;97;P;СМГ;15.9.1994;15.6.2001;S;СОУ Уилям Гладстон;15.9.2001;30.6.2006;5.186;B;НБУ;1.10.2007;1.6.2011;4.909
2017;4;1420.64;2017;3;1233.10;2017;2;1231.80;2017;1;1155.34;2016;12;879.25;2016;11;639.88;2016;8;775.71;2016;7;1239.49;2016;6;1391.74;2016;4;1522.87;2016;3;866.57;2016;1;1072.03;2015;12;657.19;2015;10;1084.88;2015;9;1599.50;2015;6;1098.08;2015;5;1015.16;2015;4;1367.67;2015;3;1049.58;2015;2;1092.02;2015;1;1454.30;2014;10;656.88;2014;9;1397.74;2014;7;1149.19;2014;6;1014.25
Александър;Обрешков;Константинов;M;25.3.1944;205;България;София;Искър;1014;Перелик;21;;;P;СОУ Добри Чинтулов;15.9.1950;15.6.1957;S;СОУ Уилям Гладстон;15.9.1957;30.6.1962;3.475;B;Софийски Университет;1.10.1963;1.6.1967;3.801
2017;4;1056.78;2017;3;1382.35;2017;2;944.43;2017;1;1553.69;2016;12;1226.81;2016;10;876.95;2016;9;1587.85;2016;8;956.53;2016;7;1327.31;2016;5;1493.48;2016;2;794.43;2016;1;753.33;2015;12;968.99;2015;10;1373.32;2015;9;768.81;2015;8;1322.80;2015;6;1061.80;2015;4;608.08;2015;3;1051.13;2015;2;876.22;2014;12;1272.20;2014;11;1301.79;2014;10;805.30;2014;9;640.95;2014;8;1201.68;2014;6;712.50;2014;5;1334.15
Димитър;Мавродиев;Константинов;M;11.3.1987;205;България;София;Слатина;1007;Никола Въпцаров;26;;;P;СОУ Леда Милева;15.9.1993;15.6.2000;S;СОУ Гео Милев;15.9.2000;30.6.2005;4.438;B;ВТУ;1.10.2011;1.6.2015;4.195
2017;4;1156.23;2017;1;1111.69;2016;12;1526.73;2016;9;1353.30;2016;8;898.06;2016;7;1334.93;2016;5;662.66;2016;3;640.10;2016;2;657.43;2016;1;1508.83;2015;12;1465.78;2015;9;1054.52;2015;8;811.85;2015;6;1269.34;2015;5;808.96;2015;4;1257.90;2015;2;1115.69;2015;1;772.99;2014;11;1018.78;2014;10;700.28;2014;9;1052.75;2014;8;1317.08;2014;7;679.37;2014;6;774.21
Силвия;Танева;Чернева;F;25.6.1947;155;България;София;Средец;1001;Дрин;105;;;P;СМГ;15.9.1953;15.6.1960;S;Техникум Машиностроене Пловдив;15.9.1960;30.6.1965;3.201
2017;4;1071.35;2017;3;768.90;2017;2;1207.02;2017;1;981.51;2016;12;1480.87;2016;11;734.79;2016;9;1436.26;2016;8;900.57;2016;7;1485.12;2016;6;1027.73;2016;4;1544.84;2016;3;1187.71;2016;2;1119.95;2015;11;1336.40;2015;10;1298.64;2015;9;1114.60;2015;8;1246.67;2015;7;809.67;2015;6;1022.91;2015;5;1427.34;2015;3;1420.73;2015;2;1228.57;2014;10;1227.80;2014;9;1381.62;2014;8;1412.37
Стоянка;Мавродиева;Ванчева;F;1.10.1968;158;България;София;Искър;1014;Македония;27;6;29;P;НПМГ;15.9.1974;15.6.1981
2017;4;729.15;2017;3;1253.85;2017;2;1532.80;2017;1;1300.50;2016;12;877.24;2016;11;641.91;2016;10;1297.84;2016;9;1326.31;2016;7;988.25;2016;5;628.73;2016;3;1121.35;2016;2;1266.89;2016;1;1226.45;2015;12;1419.93;2015;9;886.63;2015;8;719.05;2015;7;1569.63;2015;6;1355.47;2015;5;1531.83;2014;12;745.34;2014;10;1322.64;2014;9;1375.65;2014;8;1222.30;2014;7;810.06;2014;6;604.39
Христо;Русев;Игнатов;M;4.5.1937;208;България;София;Лозенец;1009;Георги Кондолов;8;5;77;P;МГ "Д-р П. Берон";15.9.1943;15.6.1950;S;СОУ Уилям Гладстон;15.9.1950;30.6.1955;3.566;B;ТУ-Варна;1.10.1956;1.6.1960;4.795
2017;3;610.70;2017;1;1593.96;2016;12;947.58;2016;11;710.78;2016;10;654.14;2016;9;1026.05;2016;7;879.02;2016;6;1250.18;2016;5;785.34;2016;4;975.88;2016;3;714.70;2016;1;1400.73;2015;12;1581.35;2015;11;768.10;2015;10;1062.64;2015;9;1168.91;2015;8;1575.60;2015;7;732.35;2015;6;1249.87;2015;5;1435.63;2015;4;1428.52;2015;3;1004.84;2015;1;1406.56;2014;11;1295.30;2014;10;702.40;2014;8;735.35
Петя;Абаджиева;Русева;F;7.9.1974;203;България;София;Илинден;1012;Петър Васков;106;;;P;СОУ Леда Милева;15.9.1980;15.6.1987;S;СОУ П.Р. Славейков;15.9.1987;30.6.1992;4.518;B;УНСС;1.10.1995;1.6.1999;3.797
2017;4;944.48;2017;3;659.78;2017;2;1204.99;2017;1;1415.21;2016;12;1210.83;2016;11;1377.40;2016;8;855.45;2016;7;1009.38;2016;5;1001.12;2016;4;1153.10;2016;3;1401.38;2016;1;710.39;2015;12;1453.82;2015;11;851.89;2015;10;1515.69;2015;9;1456.98;2015;7;1087.26;2015;5;610.64;2015;4;1033.28;2015;1;1329.21;2014;12;1134.32;2014;10;781.31;2014;9;1563.33;2014;7;636.44;2014;6;1103.56
Ивайло;Бояджиев;Иванов;M;23.12.1955;146;България;София;Средец;1001;Опълченска;58;;;P;СОУ П.Р. Славейков;15.9.1961;15.6.1968;S;СОУ Уилям Гладстон;15.9.1968;30.6.1973;5.792;B;Свищовска академия;1.10.1974;1.6.1978;3.601
2017;4;1275.08;2017;3;694.55;2017;2;1510.69;2017;1;1073.91;2016;11;705.99;2016;10;1003.56;2016;9;1405.31;2016;6;1447.81;2016;5;1585.30;2016;4;813.37;2016;3;1561.71;2016;2;976.09;2015;12;1552.87;2015;11;669.22;2015;10;1459.08;2015;8;1309.37;2015;4;1353.26;2015;3;893.60;2015;2;1012.87;2015;1;1396.08;2014;12;963.91;2014;9;785.70;2014;8;1002.37;2014;7;1279.22;2014;5;1554.78
Стефка;Попова;Кантарджиева;F;27.11.1984;200;България;София;Слатина;1007;Петър Васков;5;12;84;P;МГ "Д-р П. Берон";15.9.1990;15.6.1997
2017;1;1385.57;2016;12;760.48;2016;11;682.48;2016;10;1284.53;2016;9;1204.97;2016;8;913.78;2016;7;1028.26;2016;5;1518.87;2016;4;1349.93;2016;2;682.39;2016;1;924.52;2015;12;1168.28;2015;11;724.51;2015;10;950.47;2015;9;995.38;2015;8;624.07;2015;7;716.09;2015;6;1208.42;2015;4;724.63;2015;3;1455.10;2015;1;799.65;2014;12;1227.59;2014;5;717.89
